# sec usr sys si idle 
1   3.58  14.19  11.03  71.19  
2   6.82  11.65  7.72  73.58  
3   4.30  11.11  8.67  75.38  
4   4.74  12.92  9.16  73.07  
5   3.56  14.22  11.07  71.16  
6   4.62  11.66  8.69  74.81  
7   7.83  9.25  5.25  77.14  
8   5.27  11.99  6.51  76.13  
9   3.99  10.16  5.90  79.62  
10   4.34  11.90  5.72  78.04  
11   3.26  11.15  8.23  77.02  
12   7.65  10.93  8.57  72.52  
13   3.64  10.96  7.18  77.91  
14   3.73  14.14  9.68  71.92  
15   3.69  10.13  5.98  80.20  
16   4.24  10.36  5.89  79.08  
17   7.71  8.65  6.07  77.14  
18   4.93  11.15  7.17  76.53  
19   3.60  11.96  7.22  76.48  
20   4.02  12.12  8.43  75.44  
21   2.80  10.54  8.12  78.32  
22   7.33  11.71  9.10  71.54  
23   3.49  11.76  6.05  78.17  
24   4.40  11.51  7.29  76.16  
25   2.97  9.67  5.39  81.98  
26   4.56  10.93  8.69  75.50  
27   7.76  10.43  7.75  73.96  
28   5.10  13.29  8.69  72.81  
29   3.24  12.33  6.56  77.09  
30   3.98  10.22  6.05  79.74  
31   3.81  9.03  5.56  81.38  
32   7.20  11.63  7.44  73.41  
33   3.81  9.59  5.39  80.99  
34   4.24  10.99  6.70  77.18  
35   4.01  8.81  4.21  82.86  
36   4.61  10.68  8.53  75.42  
37   5.85  10.83  7.77  75.33  
38   5.55  9.59  4.92  79.82  
39   3.85  10.34  6.38  79.12  
40   4.54  9.73  6.90  78.52  
41   2.74  10.01  6.93  80.01  
42   7.31  10.70  7.01  74.77  
43   3.57  11.75  7.21  77.37  
44   4.44  12.06  6.63  76.65  
45   3.66  9.30  6.98  79.85  
46   4.73  10.25  4.96  79.86  
47   4.98  10.58  6.54  77.58  
48   4.65  11.15  6.63  77.35  
49   3.25  11.57  7.01  77.73  
50   3.84  9.40  5.49  81.06  
51   4.13  9.41  4.77  81.16  
52   5.02  13.52  10.50  70.55  
53   4.57  12.73  10.29  72.30  
54   4.36  13.33  8.01  74.08  
55   3.23  10.73  7.17  78.54  
56   3.97  10.56  9.20  75.73  
57   7.05  9.71  5.98  77.04  
58   4.84  9.76  6.27  79.03  
59   3.65  9.75  6.75  79.64  
60   5.21  9.01  7.58  77.98  
