# sec usr sys si idle 
1   3.82  5.80  8.27  81.44  
2   6.48  6.14  8.32  79.07  
3   4.58  6.27  9.19  79.96  
4   3.92  6.23  9.09  79.56  
5   5.21  5.99  8.87  79.72  
6   3.10  5.43  8.89  82.03  
7   7.08  6.23  10.07  76.51  
8   2.99  5.57  9.61  81.83  
9   4.25  7.45  8.93  79.14  
10   3.01  5.70  8.82  82.36  
11   3.84  6.27  9.38  80.31  
12   6.73  5.46  9.54  77.59  
13   4.39  6.39  7.67  81.55  
14   4.63  6.96  7.32  80.42  
15   5.61  7.24  8.39  78.20  
16   3.38  5.94  9.08  81.38  
17   7.14  6.91  9.57  75.72  
18   3.63  6.64  9.36  80.37  
19   3.76  7.30  9.68  79.05  
20   3.70  5.63  6.07  84.37  
21   3.98  6.34  8.86  80.16  
22   6.56  5.93  9.15  77.81  
23   3.89  6.68  8.38  80.59  
24   3.41  6.48  9.66  80.11  
25   4.25  7.46  9.74  78.22  
26   3.96  5.41  8.21  82.31  
27   8.36  7.14  9.10  75.18  
28   3.52  6.79  9.27  79.96  
29   4.48  7.93  7.61  79.87  
30   2.61  6.74  7.53  82.44  
31   3.89  5.94  8.39  81.66  
32   7.01  6.09  8.82  77.54  
33   4.19  6.44  8.42  80.62  
34   3.56  7.92  8.59  79.81  
35   5.73  6.19  8.77  79.31  
36   3.94  5.97  8.65  81.00  
37   7.27  6.30  9.95  75.94  
38   3.55  6.63  7.78  81.70  
39   4.20  7.50  8.29  79.89  
40   2.81  5.40  9.34  81.88  
41   4.29  6.33  8.13  80.72  
42   5.37  6.80  8.95  78.65  
43   4.39  6.75  7.78  80.75  
44   3.57  7.16  7.63  81.20  
45   4.20  5.13  8.19  82.37  
46   3.75  5.55  9.18  81.41  
47   5.16  6.63  9.20  78.56  
48   3.31  7.28  7.16  82.03  
49   4.66  6.19  8.73  80.31  
50   3.92  5.37  8.08  82.39  
51   3.88  5.22  8.39  82.40  
52   7.15  7.12  9.30  75.97  
53   4.17  5.95  8.23  81.30  
54   3.36  6.56  8.27  81.70  
55   3.92  6.28  8.49  81.09  
56   5.06  5.74  8.35  80.74  
57   7.39  6.17  9.64  76.58  
58   4.16  7.53  8.56  79.31  
59   2.80  6.30  7.86  82.72  
60   4.38  7.06  8.77  79.79  
